x=47;
y=42;
x+y